*Heading
** Job name: square Model name: Model-1
** Generated by: Abaqus/CAE 6.14-4
*Preprint, echo=NO, model=NO, history=NO, contact=NO
**
** PARTS
**
*Part, name=Part-1
*Node
      1,           0.,        -22.5,         100.
      2,           0.,        -12.5,         100.
      3,           0.,         -2.5,         100.
      4,           0.,          7.5,         100.
      5,           0.,         17.5,         100.
      6,           0.,         27.5,         100.
      7,           0.,        -22.5,          90.
      8,           0.,        -12.5,          90.
      9,           0.,         -2.5,          90.
     10,           0.,          7.5,          90.
     11,           0.,         17.5,          90.
     12,           0.,         27.5,          90.
     13,           0.,        -22.5,          80.
     14,           0.,        -12.5,          80.
     15,           0.,         -2.5,          80.
     16,           0.,          7.5,          80.
     17,           0.,         17.5,          80.
     18,           0.,         27.5,          80.
     19,           0.,        -22.5,          70.
     20,           0.,        -12.5,          70.
     21,           0.,         -2.5,          70.
     22,           0.,          7.5,          70.
     23,           0.,         17.5,          70.
     24,           0.,         27.5,          70.
     25,           0.,        -22.5,          60.
     26,           0.,        -12.5,          60.
     27,           0.,         -2.5,          60.
     28,           0.,          7.5,          60.
     29,           0.,         17.5,          60.
     30,           0.,         27.5,          60.
     31,           0.,        -22.5,          50.
     32,           0.,        -12.5,          50.
     33,           0.,         -2.5,          50.
     34,           0.,          7.5,          50.
     35,           0.,         17.5,          50.
     36,           0.,         27.5,          50.
     37,           0.,        -22.5,          40.
     38,           0.,        -12.5,          40.
     39,           0.,         -2.5,          40.
     40,           0.,          7.5,          40.
     41,           0.,         17.5,          40.
     42,           0.,         27.5,          40.
     43,           0.,        -22.5,          30.
     44,           0.,        -12.5,          30.
     45,           0.,         -2.5,          30.
     46,           0.,          7.5,          30.
     47,           0.,         17.5,          30.
     48,           0.,         27.5,          30.
     49,           0.,        -22.5,          20.
     50,           0.,        -12.5,          20.
     51,           0.,         -2.5,          20.
     52,           0.,          7.5,          20.
     53,           0.,         17.5,          20.
     54,           0.,         27.5,          20.
     55,           0.,        -22.5,          10.
     56,           0.,        -12.5,          10.
     57,           0.,         -2.5,          10.
     58,           0.,          7.5,          10.
     59,           0.,         17.5,          10.
     60,           0.,         27.5,          10.
     61,           0.,        -22.5,           0.
     62,           0.,        -12.5,           0.
     63,           0.,         -2.5,           0.
     64,           0.,          7.5,           0.
     65,           0.,         17.5,           0.
     66,           0.,         27.5,           0.
     67,          10.,        -22.5,         100.
     68,          10.,        -12.5,         100.
     69,          10.,         -2.5,         100.
     70,          10.,          7.5,         100.
     71,          10.,         17.5,         100.
     72,          10.,         27.5,         100.
     73,          10.,        -22.5,          90.
     74,          10.,        -12.5,          90.
     75,          10.,         -2.5,          90.
     76,          10.,          7.5,          90.
     77,          10.,         17.5,          90.
     78,          10.,         27.5,          90.
     79,          10.,        -22.5,          80.
     80,          10.,        -12.5,          80.
     81,          10.,         -2.5,          80.
     82,          10.,          7.5,          80.
     83,          10.,         17.5,          80.
     84,          10.,         27.5,          80.
     85,          10.,        -22.5,          70.
     86,          10.,        -12.5,          70.
     87,          10.,         -2.5,          70.
     88,          10.,          7.5,          70.
     89,          10.,         17.5,          70.
     90,          10.,         27.5,          70.
     91,          10.,        -22.5,          60.
     92,          10.,        -12.5,          60.
     93,          10.,         -2.5,          60.
     94,          10.,          7.5,          60.
     95,          10.,         17.5,          60.
     96,          10.,         27.5,          60.
     97,          10.,        -22.5,          50.
     98,          10.,        -12.5,          50.
     99,          10.,         -2.5,          50.
    100,          10.,          7.5,          50.
    101,          10.,         17.5,          50.
    102,          10.,         27.5,          50.
    103,          10.,        -22.5,          40.
    104,          10.,        -12.5,          40.
    105,          10.,         -2.5,          40.
    106,          10.,          7.5,          40.
    107,          10.,         17.5,          40.
    108,          10.,         27.5,          40.
    109,          10.,        -22.5,          30.
    110,          10.,        -12.5,          30.
    111,          10.,         -2.5,          30.
    112,          10.,          7.5,          30.
    113,          10.,         17.5,          30.
    114,          10.,         27.5,          30.
    115,          10.,        -22.5,          20.
    116,          10.,        -12.5,          20.
    117,          10.,         -2.5,          20.
    118,          10.,          7.5,          20.
    119,          10.,         17.5,          20.
    120,          10.,         27.5,          20.
    121,          10.,        -22.5,          10.
    122,          10.,        -12.5,          10.
    123,          10.,         -2.5,          10.
    124,          10.,          7.5,          10.
    125,          10.,         17.5,          10.
    126,          10.,         27.5,          10.
    127,          10.,        -22.5,           0.
    128,          10.,        -12.5,           0.
    129,          10.,         -2.5,           0.
    130,          10.,          7.5,           0.
    131,          10.,         17.5,           0.
    132,          10.,         27.5,           0.
    133,          20.,        -22.5,         100.
    134,          20.,        -12.5,         100.
    135,          20.,         -2.5,         100.
    136,          20.,          7.5,         100.
    137,          20.,         17.5,         100.
    138,          20.,         27.5,         100.
    139,          20.,        -22.5,          90.
    140,          20.,        -12.5,          90.
    141,          20.,         -2.5,          90.
    142,          20.,          7.5,          90.
    143,          20.,         17.5,          90.
    144,          20.,         27.5,          90.
    145,          20.,        -22.5,          80.
    146,          20.,        -12.5,          80.
    147,          20.,         -2.5,          80.
    148,          20.,          7.5,          80.
    149,          20.,         17.5,          80.
    150,          20.,         27.5,          80.
    151,          20.,        -22.5,          70.
    152,          20.,        -12.5,          70.
    153,          20.,         -2.5,          70.
    154,          20.,          7.5,          70.
    155,          20.,         17.5,          70.
    156,          20.,         27.5,          70.
    157,          20.,        -22.5,          60.
    158,          20.,        -12.5,          60.
    159,          20.,         -2.5,          60.
    160,          20.,          7.5,          60.
    161,          20.,         17.5,          60.
    162,          20.,         27.5,          60.
    163,          20.,        -22.5,          50.
    164,          20.,        -12.5,          50.
    165,          20.,         -2.5,          50.
    166,          20.,          7.5,          50.
    167,          20.,         17.5,          50.
    168,          20.,         27.5,          50.
    169,          20.,        -22.5,          40.
    170,          20.,        -12.5,          40.
    171,          20.,         -2.5,          40.
    172,          20.,          7.5,          40.
    173,          20.,         17.5,          40.
    174,          20.,         27.5,          40.
    175,          20.,        -22.5,          30.
    176,          20.,        -12.5,          30.
    177,          20.,         -2.5,          30.
    178,          20.,          7.5,          30.
    179,          20.,         17.5,          30.
    180,          20.,         27.5,          30.
    181,          20.,        -22.5,          20.
    182,          20.,        -12.5,          20.
    183,          20.,         -2.5,          20.
    184,          20.,          7.5,          20.
    185,          20.,         17.5,          20.
    186,          20.,         27.5,          20.
    187,          20.,        -22.5,          10.
    188,          20.,        -12.5,          10.
    189,          20.,         -2.5,          10.
    190,          20.,          7.5,          10.
    191,          20.,         17.5,          10.
    192,          20.,         27.5,          10.
    193,          20.,        -22.5,           0.
    194,          20.,        -12.5,           0.
    195,          20.,         -2.5,           0.
    196,          20.,          7.5,           0.
    197,          20.,         17.5,           0.
    198,          20.,         27.5,           0.
    199,          30.,        -22.5,         100.
    200,          30.,        -12.5,         100.
    201,          30.,         -2.5,         100.
    202,          30.,          7.5,         100.
    203,          30.,         17.5,         100.
    204,          30.,         27.5,         100.
    205,          30.,        -22.5,          90.
    206,          30.,        -12.5,          90.
    207,          30.,         -2.5,          90.
    208,          30.,          7.5,          90.
    209,          30.,         17.5,          90.
    210,          30.,         27.5,          90.
    211,          30.,        -22.5,          80.
    212,          30.,        -12.5,          80.
    213,          30.,         -2.5,          80.
    214,          30.,          7.5,          80.
    215,          30.,         17.5,          80.
    216,          30.,         27.5,          80.
    217,          30.,        -22.5,          70.
    218,          30.,        -12.5,          70.
    219,          30.,         -2.5,          70.
    220,          30.,          7.5,          70.
    221,          30.,         17.5,          70.
    222,          30.,         27.5,          70.
    223,          30.,        -22.5,          60.
    224,          30.,        -12.5,          60.
    225,          30.,         -2.5,          60.
    226,          30.,          7.5,          60.
    227,          30.,         17.5,          60.
    228,          30.,         27.5,          60.
    229,          30.,        -22.5,          50.
    230,          30.,        -12.5,          50.
    231,          30.,         -2.5,          50.
    232,          30.,          7.5,          50.
    233,          30.,         17.5,          50.
    234,          30.,         27.5,          50.
    235,          30.,        -22.5,          40.
    236,          30.,        -12.5,          40.
    237,          30.,         -2.5,          40.
    238,          30.,          7.5,          40.
    239,          30.,         17.5,          40.
    240,          30.,         27.5,          40.
    241,          30.,        -22.5,          30.
    242,          30.,        -12.5,          30.
    243,          30.,         -2.5,          30.
    244,          30.,          7.5,          30.
    245,          30.,         17.5,          30.
    246,          30.,         27.5,          30.
    247,          30.,        -22.5,          20.
    248,          30.,        -12.5,          20.
    249,          30.,         -2.5,          20.
    250,          30.,          7.5,          20.
    251,          30.,         17.5,          20.
    252,          30.,         27.5,          20.
    253,          30.,        -22.5,          10.
    254,          30.,        -12.5,          10.
    255,          30.,         -2.5,          10.
    256,          30.,          7.5,          10.
    257,          30.,         17.5,          10.
    258,          30.,         27.5,          10.
    259,          30.,        -22.5,           0.
    260,          30.,        -12.5,           0.
    261,          30.,         -2.5,           0.
    262,          30.,          7.5,           0.
    263,          30.,         17.5,           0.
    264,          30.,         27.5,           0.
    265,          40.,        -22.5,         100.
    266,          40.,        -12.5,         100.
    267,          40.,         -2.5,         100.
    268,          40.,          7.5,         100.
    269,          40.,         17.5,         100.
    270,          40.,         27.5,         100.
    271,          40.,        -22.5,          90.
    272,          40.,        -12.5,          90.
    273,          40.,         -2.5,          90.
    274,          40.,          7.5,          90.
    275,          40.,         17.5,          90.
    276,          40.,         27.5,          90.
    277,          40.,        -22.5,          80.
    278,          40.,        -12.5,          80.
    279,          40.,         -2.5,          80.
    280,          40.,          7.5,          80.
    281,          40.,         17.5,          80.
    282,          40.,         27.5,          80.
    283,          40.,        -22.5,          70.
    284,          40.,        -12.5,          70.
    285,          40.,         -2.5,          70.
    286,          40.,          7.5,          70.
    287,          40.,         17.5,          70.
    288,          40.,         27.5,          70.
    289,          40.,        -22.5,          60.
    290,          40.,        -12.5,          60.
    291,          40.,         -2.5,          60.
    292,          40.,          7.5,          60.
    293,          40.,         17.5,          60.
    294,          40.,         27.5,          60.
    295,          40.,        -22.5,          50.
    296,          40.,        -12.5,          50.
    297,          40.,         -2.5,          50.
    298,          40.,          7.5,          50.
    299,          40.,         17.5,          50.
    300,          40.,         27.5,          50.
    301,          40.,        -22.5,          40.
    302,          40.,        -12.5,          40.
    303,          40.,         -2.5,          40.
    304,          40.,          7.5,          40.
    305,          40.,         17.5,          40.
    306,          40.,         27.5,          40.
    307,          40.,        -22.5,          30.
    308,          40.,        -12.5,          30.
    309,          40.,         -2.5,          30.
    310,          40.,          7.5,          30.
    311,          40.,         17.5,          30.
    312,          40.,         27.5,          30.
    313,          40.,        -22.5,          20.
    314,          40.,        -12.5,          20.
    315,          40.,         -2.5,          20.
    316,          40.,          7.5,          20.
    317,          40.,         17.5,          20.
    318,          40.,         27.5,          20.
    319,          40.,        -22.5,          10.
    320,          40.,        -12.5,          10.
    321,          40.,         -2.5,          10.
    322,          40.,          7.5,          10.
    323,          40.,         17.5,          10.
    324,          40.,         27.5,          10.
    325,          40.,        -22.5,           0.
    326,          40.,        -12.5,           0.
    327,          40.,         -2.5,           0.
    328,          40.,          7.5,           0.
    329,          40.,         17.5,           0.
    330,          40.,         27.5,           0.
    331,          50.,        -22.5,         100.
    332,          50.,        -12.5,         100.
    333,          50.,         -2.5,         100.
    334,          50.,          7.5,         100.
    335,          50.,         17.5,         100.
    336,          50.,         27.5,         100.
    337,          50.,        -22.5,          90.
    338,          50.,        -12.5,          90.
    339,          50.,         -2.5,          90.
    340,          50.,          7.5,          90.
    341,          50.,         17.5,          90.
    342,          50.,         27.5,          90.
    343,          50.,        -22.5,          80.
    344,          50.,        -12.5,          80.
    345,          50.,         -2.5,          80.
    346,          50.,          7.5,          80.
    347,          50.,         17.5,          80.
    348,          50.,         27.5,          80.
    349,          50.,        -22.5,          70.
    350,          50.,        -12.5,          70.
    351,          50.,         -2.5,          70.
    352,          50.,          7.5,          70.
    353,          50.,         17.5,          70.
    354,          50.,         27.5,          70.
    355,          50.,        -22.5,          60.
    356,          50.,        -12.5,          60.
    357,          50.,         -2.5,          60.
    358,          50.,          7.5,          60.
    359,          50.,         17.5,          60.
    360,          50.,         27.5,          60.
    361,          50.,        -22.5,          50.
    362,          50.,        -12.5,          50.
    363,          50.,         -2.5,          50.
    364,          50.,          7.5,          50.
    365,          50.,         17.5,          50.
    366,          50.,         27.5,          50.
    367,          50.,        -22.5,          40.
    368,          50.,        -12.5,          40.
    369,          50.,         -2.5,          40.
    370,          50.,          7.5,          40.
    371,          50.,         17.5,          40.
    372,          50.,         27.5,          40.
    373,          50.,        -22.5,          30.
    374,          50.,        -12.5,          30.
    375,          50.,         -2.5,          30.
    376,          50.,          7.5,          30.
    377,          50.,         17.5,          30.
    378,          50.,         27.5,          30.
    379,          50.,        -22.5,          20.
    380,          50.,        -12.5,          20.
    381,          50.,         -2.5,          20.
    382,          50.,          7.5,          20.
    383,          50.,         17.5,          20.
    384,          50.,         27.5,          20.
    385,          50.,        -22.5,          10.
    386,          50.,        -12.5,          10.
    387,          50.,         -2.5,          10.
    388,          50.,          7.5,          10.
    389,          50.,         17.5,          10.
    390,          50.,         27.5,          10.
    391,          50.,        -22.5,           0.
    392,          50.,        -12.5,           0.
    393,          50.,         -2.5,           0.
    394,          50.,          7.5,           0.
    395,          50.,         17.5,           0.
    396,          50.,         27.5,           0.
*Element, type=C3D8R
  1,  67,  68,  74,  73,   1,   2,   8,   7
  2,  68,  69,  75,  74,   2,   3,   9,   8
  3,  69,  70,  76,  75,   3,   4,  10,   9
  4,  70,  71,  77,  76,   4,   5,  11,  10
  5,  71,  72,  78,  77,   5,   6,  12,  11
  6,  73,  74,  80,  79,   7,   8,  14,  13
  7,  74,  75,  81,  80,   8,   9,  15,  14
  8,  75,  76,  82,  81,   9,  10,  16,  15
  9,  76,  77,  83,  82,  10,  11,  17,  16
 10,  77,  78,  84,  83,  11,  12,  18,  17
 11,  79,  80,  86,  85,  13,  14,  20,  19
 12,  80,  81,  87,  86,  14,  15,  21,  20
 13,  81,  82,  88,  87,  15,  16,  22,  21
 14,  82,  83,  89,  88,  16,  17,  23,  22
 15,  83,  84,  90,  89,  17,  18,  24,  23
 16,  85,  86,  92,  91,  19,  20,  26,  25
 17,  86,  87,  93,  92,  20,  21,  27,  26
 18,  87,  88,  94,  93,  21,  22,  28,  27
 19,  88,  89,  95,  94,  22,  23,  29,  28
 20,  89,  90,  96,  95,  23,  24,  30,  29
 21,  91,  92,  98,  97,  25,  26,  32,  31
 22,  92,  93,  99,  98,  26,  27,  33,  32
 23,  93,  94, 100,  99,  27,  28,  34,  33
 24,  94,  95, 101, 100,  28,  29,  35,  34
 25,  95,  96, 102, 101,  29,  30,  36,  35
 26,  97,  98, 104, 103,  31,  32,  38,  37
 27,  98,  99, 105, 104,  32,  33,  39,  38
 28,  99, 100, 106, 105,  33,  34,  40,  39
 29, 100, 101, 107, 106,  34,  35,  41,  40
 30, 101, 102, 108, 107,  35,  36,  42,  41
 31, 103, 104, 110, 109,  37,  38,  44,  43
 32, 104, 105, 111, 110,  38,  39,  45,  44
 33, 105, 106, 112, 111,  39,  40,  46,  45
 34, 106, 107, 113, 112,  40,  41,  47,  46
 35, 107, 108, 114, 113,  41,  42,  48,  47
 36, 109, 110, 116, 115,  43,  44,  50,  49
 37, 110, 111, 117, 116,  44,  45,  51,  50
 38, 111, 112, 118, 117,  45,  46,  52,  51
 39, 112, 113, 119, 118,  46,  47,  53,  52
 40, 113, 114, 120, 119,  47,  48,  54,  53
 41, 115, 116, 122, 121,  49,  50,  56,  55
 42, 116, 117, 123, 122,  50,  51,  57,  56
 43, 117, 118, 124, 123,  51,  52,  58,  57
 44, 118, 119, 125, 124,  52,  53,  59,  58
 45, 119, 120, 126, 125,  53,  54,  60,  59
 46, 121, 122, 128, 127,  55,  56,  62,  61
 47, 122, 123, 129, 128,  56,  57,  63,  62
 48, 123, 124, 130, 129,  57,  58,  64,  63
 49, 124, 125, 131, 130,  58,  59,  65,  64
 50, 125, 126, 132, 131,  59,  60,  66,  65
 51, 133, 134, 140, 139,  67,  68,  74,  73
 52, 134, 135, 141, 140,  68,  69,  75,  74
 53, 135, 136, 142, 141,  69,  70,  76,  75
 54, 136, 137, 143, 142,  70,  71,  77,  76
 55, 137, 138, 144, 143,  71,  72,  78,  77
 56, 139, 140, 146, 145,  73,  74,  80,  79
 57, 140, 141, 147, 146,  74,  75,  81,  80
 58, 141, 142, 148, 147,  75,  76,  82,  81
 59, 142, 143, 149, 148,  76,  77,  83,  82
 60, 143, 144, 150, 149,  77,  78,  84,  83
 61, 145, 146, 152, 151,  79,  80,  86,  85
 62, 146, 147, 153, 152,  80,  81,  87,  86
 63, 147, 148, 154, 153,  81,  82,  88,  87
 64, 148, 149, 155, 154,  82,  83,  89,  88
 65, 149, 150, 156, 155,  83,  84,  90,  89
 66, 151, 152, 158, 157,  85,  86,  92,  91
 67, 152, 153, 159, 158,  86,  87,  93,  92
 68, 153, 154, 160, 159,  87,  88,  94,  93
 69, 154, 155, 161, 160,  88,  89,  95,  94
 70, 155, 156, 162, 161,  89,  90,  96,  95
 71, 157, 158, 164, 163,  91,  92,  98,  97
 72, 158, 159, 165, 164,  92,  93,  99,  98
 73, 159, 160, 166, 165,  93,  94, 100,  99
 74, 160, 161, 167, 166,  94,  95, 101, 100
 75, 161, 162, 168, 167,  95,  96, 102, 101
 76, 163, 164, 170, 169,  97,  98, 104, 103
 77, 164, 165, 171, 170,  98,  99, 105, 104
 78, 165, 166, 172, 171,  99, 100, 106, 105
 79, 166, 167, 173, 172, 100, 101, 107, 106
 80, 167, 168, 174, 173, 101, 102, 108, 107
 81, 169, 170, 176, 175, 103, 104, 110, 109
 82, 170, 171, 177, 176, 104, 105, 111, 110
 83, 171, 172, 178, 177, 105, 106, 112, 111
 84, 172, 173, 179, 178, 106, 107, 113, 112
 85, 173, 174, 180, 179, 107, 108, 114, 113
 86, 175, 176, 182, 181, 109, 110, 116, 115
 87, 176, 177, 183, 182, 110, 111, 117, 116
 88, 177, 178, 184, 183, 111, 112, 118, 117
 89, 178, 179, 185, 184, 112, 113, 119, 118
 90, 179, 180, 186, 185, 113, 114, 120, 119
 91, 181, 182, 188, 187, 115, 116, 122, 121
 92, 182, 183, 189, 188, 116, 117, 123, 122
 93, 183, 184, 190, 189, 117, 118, 124, 123
 94, 184, 185, 191, 190, 118, 119, 125, 124
 95, 185, 186, 192, 191, 119, 120, 126, 125
 96, 187, 188, 194, 193, 121, 122, 128, 127
 97, 188, 189, 195, 194, 122, 123, 129, 128
 98, 189, 190, 196, 195, 123, 124, 130, 129
 99, 190, 191, 197, 196, 124, 125, 131, 130
100, 191, 192, 198, 197, 125, 126, 132, 131
101, 199, 200, 206, 205, 133, 134, 140, 139
102, 200, 201, 207, 206, 134, 135, 141, 140
103, 201, 202, 208, 207, 135, 136, 142, 141
104, 202, 203, 209, 208, 136, 137, 143, 142
105, 203, 204, 210, 209, 137, 138, 144, 143
106, 205, 206, 212, 211, 139, 140, 146, 145
107, 206, 207, 213, 212, 140, 141, 147, 146
108, 207, 208, 214, 213, 141, 142, 148, 147
109, 208, 209, 215, 214, 142, 143, 149, 148
110, 209, 210, 216, 215, 143, 144, 150, 149
111, 211, 212, 218, 217, 145, 146, 152, 151
112, 212, 213, 219, 218, 146, 147, 153, 152
113, 213, 214, 220, 219, 147, 148, 154, 153
114, 214, 215, 221, 220, 148, 149, 155, 154
115, 215, 216, 222, 221, 149, 150, 156, 155
116, 217, 218, 224, 223, 151, 152, 158, 157
117, 218, 219, 225, 224, 152, 153, 159, 158
118, 219, 220, 226, 225, 153, 154, 160, 159
119, 220, 221, 227, 226, 154, 155, 161, 160
120, 221, 222, 228, 227, 155, 156, 162, 161
121, 223, 224, 230, 229, 157, 158, 164, 163
122, 224, 225, 231, 230, 158, 159, 165, 164
123, 225, 226, 232, 231, 159, 160, 166, 165
124, 226, 227, 233, 232, 160, 161, 167, 166
125, 227, 228, 234, 233, 161, 162, 168, 167
126, 229, 230, 236, 235, 163, 164, 170, 169
127, 230, 231, 237, 236, 164, 165, 171, 170
128, 231, 232, 238, 237, 165, 166, 172, 171
129, 232, 233, 239, 238, 166, 167, 173, 172
130, 233, 234, 240, 239, 167, 168, 174, 173
131, 235, 236, 242, 241, 169, 170, 176, 175
132, 236, 237, 243, 242, 170, 171, 177, 176
133, 237, 238, 244, 243, 171, 172, 178, 177
134, 238, 239, 245, 244, 172, 173, 179, 178
135, 239, 240, 246, 245, 173, 174, 180, 179
136, 241, 242, 248, 247, 175, 176, 182, 181
137, 242, 243, 249, 248, 176, 177, 183, 182
138, 243, 244, 250, 249, 177, 178, 184, 183
139, 244, 245, 251, 250, 178, 179, 185, 184
140, 245, 246, 252, 251, 179, 180, 186, 185
141, 247, 248, 254, 253, 181, 182, 188, 187
142, 248, 249, 255, 254, 182, 183, 189, 188
143, 249, 250, 256, 255, 183, 184, 190, 189
144, 250, 251, 257, 256, 184, 185, 191, 190
145, 251, 252, 258, 257, 185, 186, 192, 191
146, 253, 254, 260, 259, 187, 188, 194, 193
147, 254, 255, 261, 260, 188, 189, 195, 194
148, 255, 256, 262, 261, 189, 190, 196, 195
149, 256, 257, 263, 262, 190, 191, 197, 196
150, 257, 258, 264, 263, 191, 192, 198, 197
151, 265, 266, 272, 271, 199, 200, 206, 205
152, 266, 267, 273, 272, 200, 201, 207, 206
153, 267, 268, 274, 273, 201, 202, 208, 207
154, 268, 269, 275, 274, 202, 203, 209, 208
155, 269, 270, 276, 275, 203, 204, 210, 209
156, 271, 272, 278, 277, 205, 206, 212, 211
157, 272, 273, 279, 278, 206, 207, 213, 212
158, 273, 274, 280, 279, 207, 208, 214, 213
159, 274, 275, 281, 280, 208, 209, 215, 214
160, 275, 276, 282, 281, 209, 210, 216, 215
161, 277, 278, 284, 283, 211, 212, 218, 217
162, 278, 279, 285, 284, 212, 213, 219, 218
163, 279, 280, 286, 285, 213, 214, 220, 219
164, 280, 281, 287, 286, 214, 215, 221, 220
165, 281, 282, 288, 287, 215, 216, 222, 221
166, 283, 284, 290, 289, 217, 218, 224, 223
167, 284, 285, 291, 290, 218, 219, 225, 224
168, 285, 286, 292, 291, 219, 220, 226, 225
169, 286, 287, 293, 292, 220, 221, 227, 226
170, 287, 288, 294, 293, 221, 222, 228, 227
171, 289, 290, 296, 295, 223, 224, 230, 229
172, 290, 291, 297, 296, 224, 225, 231, 230
173, 291, 292, 298, 297, 225, 226, 232, 231
174, 292, 293, 299, 298, 226, 227, 233, 232
175, 293, 294, 300, 299, 227, 228, 234, 233
176, 295, 296, 302, 301, 229, 230, 236, 235
177, 296, 297, 303, 302, 230, 231, 237, 236
178, 297, 298, 304, 303, 231, 232, 238, 237
179, 298, 299, 305, 304, 232, 233, 239, 238
180, 299, 300, 306, 305, 233, 234, 240, 239
181, 301, 302, 308, 307, 235, 236, 242, 241
182, 302, 303, 309, 308, 236, 237, 243, 242
183, 303, 304, 310, 309, 237, 238, 244, 243
184, 304, 305, 311, 310, 238, 239, 245, 244
185, 305, 306, 312, 311, 239, 240, 246, 245
186, 307, 308, 314, 313, 241, 242, 248, 247
187, 308, 309, 315, 314, 242, 243, 249, 248
188, 309, 310, 316, 315, 243, 244, 250, 249
189, 310, 311, 317, 316, 244, 245, 251, 250
190, 311, 312, 318, 317, 245, 246, 252, 251
191, 313, 314, 320, 319, 247, 248, 254, 253
192, 314, 315, 321, 320, 248, 249, 255, 254
193, 315, 316, 322, 321, 249, 250, 256, 255
194, 316, 317, 323, 322, 250, 251, 257, 256
195, 317, 318, 324, 323, 251, 252, 258, 257
196, 319, 320, 326, 325, 253, 254, 260, 259
197, 320, 321, 327, 326, 254, 255, 261, 260
198, 321, 322, 328, 327, 255, 256, 262, 261
199, 322, 323, 329, 328, 256, 257, 263, 262
200, 323, 324, 330, 329, 257, 258, 264, 263
201, 331, 332, 338, 337, 265, 266, 272, 271
202, 332, 333, 339, 338, 266, 267, 273, 272
203, 333, 334, 340, 339, 267, 268, 274, 273
204, 334, 335, 341, 340, 268, 269, 275, 274
205, 335, 336, 342, 341, 269, 270, 276, 275
206, 337, 338, 344, 343, 271, 272, 278, 277
207, 338, 339, 345, 344, 272, 273, 279, 278
208, 339, 340, 346, 345, 273, 274, 280, 279
209, 340, 341, 347, 346, 274, 275, 281, 280
210, 341, 342, 348, 347, 275, 276, 282, 281
211, 343, 344, 350, 349, 277, 278, 284, 283
212, 344, 345, 351, 350, 278, 279, 285, 284
213, 345, 346, 352, 351, 279, 280, 286, 285
214, 346, 347, 353, 352, 280, 281, 287, 286
215, 347, 348, 354, 353, 281, 282, 288, 287
216, 349, 350, 356, 355, 283, 284, 290, 289
217, 350, 351, 357, 356, 284, 285, 291, 290
218, 351, 352, 358, 357, 285, 286, 292, 291
219, 352, 353, 359, 358, 286, 287, 293, 292
220, 353, 354, 360, 359, 287, 288, 294, 293
221, 355, 356, 362, 361, 289, 290, 296, 295
222, 356, 357, 363, 362, 290, 291, 297, 296
223, 357, 358, 364, 363, 291, 292, 298, 297
224, 358, 359, 365, 364, 292, 293, 299, 298
225, 359, 360, 366, 365, 293, 294, 300, 299
226, 361, 362, 368, 367, 295, 296, 302, 301
227, 362, 363, 369, 368, 296, 297, 303, 302
228, 363, 364, 370, 369, 297, 298, 304, 303
229, 364, 365, 371, 370, 298, 299, 305, 304
230, 365, 366, 372, 371, 299, 300, 306, 305
231, 367, 368, 374, 373, 301, 302, 308, 307
232, 368, 369, 375, 374, 302, 303, 309, 308
233, 369, 370, 376, 375, 303, 304, 310, 309
234, 370, 371, 377, 376, 304, 305, 311, 310
235, 371, 372, 378, 377, 305, 306, 312, 311
236, 373, 374, 380, 379, 307, 308, 314, 313
237, 374, 375, 381, 380, 308, 309, 315, 314
238, 375, 376, 382, 381, 309, 310, 316, 315
239, 376, 377, 383, 382, 310, 311, 317, 316
240, 377, 378, 384, 383, 311, 312, 318, 317
241, 379, 380, 386, 385, 313, 314, 320, 319
242, 380, 381, 387, 386, 314, 315, 321, 320
243, 381, 382, 388, 387, 315, 316, 322, 321
244, 382, 383, 389, 388, 316, 317, 323, 322
245, 383, 384, 390, 389, 317, 318, 324, 323
246, 385, 386, 392, 391, 319, 320, 326, 325
247, 386, 387, 393, 392, 320, 321, 327, 326
248, 387, 388, 394, 393, 321, 322, 328, 327
249, 388, 389, 395, 394, 322, 323, 329, 328
250, 389, 390, 396, 395, 323, 324, 330, 329
*End Part
**  
**
** ASSEMBLY
**
*Assembly, name=Assembly
**  
*Instance, name=Part-1-1, part=Part-1
*End Instance
**  
*End Assembly
